// Table: Variable X to Degrees/Radians Conversion
// ---------------------------------------------
// Variable X  |  Degrees  |  Radians
// ---------------------------------------------
// 113   |  5    |  0.0873
// 226   |  10   |  0.1745
// 339   |  15   |  0.2618
// 452   |  20   |  0.3491
// 565   |  25   |  0.4363
// 678   |  30   |  0.5236
// 791   |  35   |  0.6109
// 904   |  40   |  0.6981
// 1017  |  45   |  0.7854
// 1130  |  50   |  0.8727
// 1243  |  55   |  0.9599
// 1356  |  60   |  1.0472
// 1469  |  65   |  1.1345
// 1582  |  70   |  1.2217
// 1695  |  75   |  1.3090
// 1808  |  80   |  1.3963
// 1921  |  85   |  1.4835
// 2034  |  90   |  1.5708
// 2147  |  95   |  1.6581
// 2260  |  100  |  1.7453
// 2373  |  105  |  1.8326
// 2486  |  110  |  1.9199
// 2599  |  115  |  2.0071
// 2712  |  120  |  2.0944
// 2825  |  125  |  2.1817
// 2938  |  130  |  2.2689
// 3051  |  135  |  2.3562
// 3164  |  140  |  2.4435
// 3277  |  145  |  2.5307
// 3390  |  150  |  2.6180
// 3503  |  155  |  2.7053
// 3616  |  160  |  2.7925
// 3729  |  165  |  2.8798
// 3842  |  170  |  2.9671
// 3955  |  175  |  3.0543
// 4068  |  180  |  3.1416
// 4181  |  185  |  3.2289
// 4294  |  190  |  3.3161
// 4407  |  195  |  3.4034
// 4520  |  200  |  3.4907
// 4633  |  205  |  3.5779
// 4746  |  210  |  3.6652
// 4859  |  215  |  3.7525
// 4972  |  220  |  3.8397
// 5085  |  225  |  3.9270
// 5198  |  230  |  4.0143
// 5311  |  235  |  4.1015
// 5424  |  240  |  4.1888
// 5537  |  245  |  4.2761
// 5650  |  250  |  4.3633
// 5763  |  255  |  4.4506
// 5876  |  260  |  4.5379
// 5989  |  265  |  4.6251
// 6102  |  270  |  4.7124
// 6215  |  275  |  4.7997
// 6328  |  280  |  4.8869
// 6441  |  285  |  4.9742
// 6554  |  290  |  5.0615
// 6667  |  295  |  5.1487
// 6780  |  300  |  5.2360
// 6893  |  305  |  5.3233
// 7006  |  310  |  5.4105
// 7119  |  315  |  5.4978
// 7232  |  320  |  5.5851
// 7345  |  325  |  5.6723
// 7458  |  330  |  5.7596
// 7571  |  335  |  5.8469
// 7684  |  340  |  5.9341
// 7797  |  345  |  6.0214
// 7910  |  350  |  6.1087
// 8023  |  355  |  6.1959
// 8136  |  360  |  6.2832
// 8249  |  365  |  6.3705
// ---------------------------------------------